{
 "cells": [
  {
   "cell_type": "code",
   "execution_count": 11,
   "id": "f9d3775a",
   "metadata": {},
   "outputs": [
    {
     "data": {
      "text/html": [
       "<div>\n",
       "<style scoped>\n",
       "    .dataframe tbody tr th:only-of-type {\n",
       "        vertical-align: middle;\n",
       "    }\n",
       "\n",
       "    .dataframe tbody tr th {\n",
       "        vertical-align: top;\n",
       "    }\n",
       "\n",
       "    .dataframe thead th {\n",
       "        text-align: right;\n",
       "    }\n",
       "</style>\n",
       "<table border=\"1\" class=\"dataframe\">\n",
       "  <thead>\n",
       "    <tr style=\"text-align: right;\">\n",
       "      <th></th>\n",
       "      <th>Tag</th>\n",
       "      <th>WindowStart</th>\n",
       "      <th>WindowEnd</th>\n",
       "      <th>Split</th>\n",
       "      <th>MSE</th>\n",
       "      <th>SignAcc</th>\n",
       "      <th>Pearson</th>\n",
       "      <th>IC</th>\n",
       "      <th>IR</th>\n",
       "      <th>CR</th>\n",
       "      <th>Prec@K</th>\n",
       "    </tr>\n",
       "  </thead>\n",
       "  <tbody>\n",
       "    <tr>\n",
       "      <th>0</th>\n",
       "      <td>ws8hd16</td>\n",
       "      <td>2019-01-04</td>\n",
       "      <td>2019-11-04</td>\n",
       "      <td>Train</td>\n",
       "      <td>0.000034</td>\n",
       "      <td>0.828125</td>\n",
       "      <td>0.893413</td>\n",
       "      <td>0.849392</td>\n",
       "      <td>1.233086</td>\n",
       "      <td>1.739453</td>\n",
       "      <td>0.870833</td>\n",
       "    </tr>\n",
       "    <tr>\n",
       "      <th>1</th>\n",
       "      <td>ws8hd16</td>\n",
       "      <td>2019-01-04</td>\n",
       "      <td>2019-11-04</td>\n",
       "      <td>Test</td>\n",
       "      <td>0.000248</td>\n",
       "      <td>0.488889</td>\n",
       "      <td>0.019298</td>\n",
       "      <td>0.048318</td>\n",
       "      <td>0.104159</td>\n",
       "      <td>0.032679</td>\n",
       "      <td>0.509259</td>\n",
       "    </tr>\n",
       "    <tr>\n",
       "      <th>2</th>\n",
       "      <td>ws8hd16</td>\n",
       "      <td>2019-03-04</td>\n",
       "      <td>2020-01-04</td>\n",
       "      <td>Train</td>\n",
       "      <td>0.000025</td>\n",
       "      <td>0.851829</td>\n",
       "      <td>0.926618</td>\n",
       "      <td>0.886144</td>\n",
       "      <td>1.219806</td>\n",
       "      <td>1.762540</td>\n",
       "      <td>0.873984</td>\n",
       "    </tr>\n",
       "    <tr>\n",
       "      <th>3</th>\n",
       "      <td>ws8hd16</td>\n",
       "      <td>2019-03-04</td>\n",
       "      <td>2020-01-04</td>\n",
       "      <td>Test</td>\n",
       "      <td>0.000179</td>\n",
       "      <td>0.517647</td>\n",
       "      <td>-0.036589</td>\n",
       "      <td>0.021939</td>\n",
       "      <td>0.039878</td>\n",
       "      <td>0.009983</td>\n",
       "      <td>0.500000</td>\n",
       "    </tr>\n",
       "    <tr>\n",
       "      <th>4</th>\n",
       "      <td>ws8hd16</td>\n",
       "      <td>2019-05-04</td>\n",
       "      <td>2020-03-04</td>\n",
       "      <td>Train</td>\n",
       "      <td>0.000038</td>\n",
       "      <td>0.801863</td>\n",
       "      <td>0.877320</td>\n",
       "      <td>0.820915</td>\n",
       "      <td>1.188933</td>\n",
       "      <td>1.618125</td>\n",
       "      <td>0.828157</td>\n",
       "    </tr>\n",
       "  </tbody>\n",
       "</table>\n",
       "</div>"
      ],
      "text/plain": [
       "       Tag WindowStart   WindowEnd  Split       MSE   SignAcc   Pearson  \\\n",
       "0  ws8hd16  2019-01-04  2019-11-04  Train  0.000034  0.828125  0.893413   \n",
       "1  ws8hd16  2019-01-04  2019-11-04   Test  0.000248  0.488889  0.019298   \n",
       "2  ws8hd16  2019-03-04  2020-01-04  Train  0.000025  0.851829  0.926618   \n",
       "3  ws8hd16  2019-03-04  2020-01-04   Test  0.000179  0.517647 -0.036589   \n",
       "4  ws8hd16  2019-05-04  2020-03-04  Train  0.000038  0.801863  0.877320   \n",
       "\n",
       "         IC        IR        CR    Prec@K  \n",
       "0  0.849392  1.233086  1.739453  0.870833  \n",
       "1  0.048318  0.104159  0.032679  0.509259  \n",
       "2  0.886144  1.219806  1.762540  0.873984  \n",
       "3  0.021939  0.039878  0.009983  0.500000  \n",
       "4  0.820915  1.188933  1.618125  0.828157  "
      ]
     },
     "execution_count": 11,
     "metadata": {},
     "output_type": "execute_result"
    }
   ],
   "source": [
    "import pandas as pd\n",
    "df = pd.read_csv(\"metrics_log.csv\")\n",
    "df.head()"
   ]
  },
  {
   "cell_type": "code",
   "execution_count": 12,
   "id": "8aa14aef",
   "metadata": {},
   "outputs": [
    {
     "data": {
      "text/html": [
       "<div>\n",
       "<style scoped>\n",
       "    .dataframe tbody tr th:only-of-type {\n",
       "        vertical-align: middle;\n",
       "    }\n",
       "\n",
       "    .dataframe tbody tr th {\n",
       "        vertical-align: top;\n",
       "    }\n",
       "\n",
       "    .dataframe thead th {\n",
       "        text-align: right;\n",
       "    }\n",
       "</style>\n",
       "<table border=\"1\" class=\"dataframe\">\n",
       "  <thead>\n",
       "    <tr style=\"text-align: right;\">\n",
       "      <th></th>\n",
       "      <th>Tag</th>\n",
       "      <th>WindowStart</th>\n",
       "      <th>WindowEnd</th>\n",
       "      <th>Split</th>\n",
       "      <th>MSE</th>\n",
       "      <th>SignAcc</th>\n",
       "      <th>Pearson</th>\n",
       "      <th>IC</th>\n",
       "      <th>IR</th>\n",
       "      <th>CR</th>\n",
       "      <th>Prec@K</th>\n",
       "    </tr>\n",
       "  </thead>\n",
       "  <tbody>\n",
       "    <tr>\n",
       "      <th>1</th>\n",
       "      <td>ws8hd16</td>\n",
       "      <td>2019-01-04</td>\n",
       "      <td>2019-11-04</td>\n",
       "      <td>Test</td>\n",
       "      <td>0.000248</td>\n",
       "      <td>0.488889</td>\n",
       "      <td>0.019298</td>\n",
       "      <td>0.048318</td>\n",
       "      <td>0.104159</td>\n",
       "      <td>0.032679</td>\n",
       "      <td>0.509259</td>\n",
       "    </tr>\n",
       "    <tr>\n",
       "      <th>3</th>\n",
       "      <td>ws8hd16</td>\n",
       "      <td>2019-03-04</td>\n",
       "      <td>2020-01-04</td>\n",
       "      <td>Test</td>\n",
       "      <td>0.000179</td>\n",
       "      <td>0.517647</td>\n",
       "      <td>-0.036589</td>\n",
       "      <td>0.021939</td>\n",
       "      <td>0.039878</td>\n",
       "      <td>0.009983</td>\n",
       "      <td>0.500000</td>\n",
       "    </tr>\n",
       "    <tr>\n",
       "      <th>5</th>\n",
       "      <td>ws8hd16</td>\n",
       "      <td>2019-05-04</td>\n",
       "      <td>2020-03-04</td>\n",
       "      <td>Test</td>\n",
       "      <td>0.000247</td>\n",
       "      <td>0.533333</td>\n",
       "      <td>0.113445</td>\n",
       "      <td>0.151133</td>\n",
       "      <td>0.295035</td>\n",
       "      <td>0.110848</td>\n",
       "      <td>0.616162</td>\n",
       "    </tr>\n",
       "    <tr>\n",
       "      <th>7</th>\n",
       "      <td>ws8hd16</td>\n",
       "      <td>2019-07-04</td>\n",
       "      <td>2020-05-04</td>\n",
       "      <td>Test</td>\n",
       "      <td>0.000604</td>\n",
       "      <td>0.457143</td>\n",
       "      <td>-0.107087</td>\n",
       "      <td>-0.120873</td>\n",
       "      <td>0.133983</td>\n",
       "      <td>0.079505</td>\n",
       "      <td>0.542857</td>\n",
       "    </tr>\n",
       "    <tr>\n",
       "      <th>9</th>\n",
       "      <td>ws8hd16</td>\n",
       "      <td>2019-09-04</td>\n",
       "      <td>2020-07-04</td>\n",
       "      <td>Test</td>\n",
       "      <td>0.000326</td>\n",
       "      <td>0.494286</td>\n",
       "      <td>0.062148</td>\n",
       "      <td>0.035216</td>\n",
       "      <td>-0.097279</td>\n",
       "      <td>-0.041011</td>\n",
       "      <td>0.466667</td>\n",
       "    </tr>\n",
       "  </tbody>\n",
       "</table>\n",
       "</div>"
      ],
      "text/plain": [
       "       Tag WindowStart   WindowEnd Split       MSE   SignAcc   Pearson  \\\n",
       "1  ws8hd16  2019-01-04  2019-11-04  Test  0.000248  0.488889  0.019298   \n",
       "3  ws8hd16  2019-03-04  2020-01-04  Test  0.000179  0.517647 -0.036589   \n",
       "5  ws8hd16  2019-05-04  2020-03-04  Test  0.000247  0.533333  0.113445   \n",
       "7  ws8hd16  2019-07-04  2020-05-04  Test  0.000604  0.457143 -0.107087   \n",
       "9  ws8hd16  2019-09-04  2020-07-04  Test  0.000326  0.494286  0.062148   \n",
       "\n",
       "         IC        IR        CR    Prec@K  \n",
       "1  0.048318  0.104159  0.032679  0.509259  \n",
       "3  0.021939  0.039878  0.009983  0.500000  \n",
       "5  0.151133  0.295035  0.110848  0.616162  \n",
       "7 -0.120873  0.133983  0.079505  0.542857  \n",
       "9  0.035216 -0.097279 -0.041011  0.466667  "
      ]
     },
     "execution_count": 12,
     "metadata": {},
     "output_type": "execute_result"
    }
   ],
   "source": [
    "test_df = df[df[\"Split\"] == \"Test\"].copy()\n",
    "# test_df = test_df[pd.to_datetime(test_df[\"WindowEnd\"]) == pd.to_datetime(\"2020-01-04\")]\n",
    "test_df.head()"
   ]
  },
  {
   "cell_type": "code",
   "execution_count": 13,
   "id": "fdd4f961",
   "metadata": {},
   "outputs": [
    {
     "data": {
      "text/html": [
       "<div>\n",
       "<style scoped>\n",
       "    .dataframe tbody tr th:only-of-type {\n",
       "        vertical-align: middle;\n",
       "    }\n",
       "\n",
       "    .dataframe tbody tr th {\n",
       "        vertical-align: top;\n",
       "    }\n",
       "\n",
       "    .dataframe thead th {\n",
       "        text-align: right;\n",
       "    }\n",
       "</style>\n",
       "<table border=\"1\" class=\"dataframe\">\n",
       "  <thead>\n",
       "    <tr style=\"text-align: right;\">\n",
       "      <th></th>\n",
       "      <th>Tag</th>\n",
       "      <th>IC</th>\n",
       "      <th>IR</th>\n",
       "      <th>CR</th>\n",
       "      <th>Prec@K</th>\n",
       "    </tr>\n",
       "  </thead>\n",
       "  <tbody>\n",
       "    <tr>\n",
       "      <th>0</th>\n",
       "      <td>ws10hd16</td>\n",
       "      <td>-0.006513</td>\n",
       "      <td>0.012935</td>\n",
       "      <td>0.000938</td>\n",
       "      <td>0.504670</td>\n",
       "    </tr>\n",
       "    <tr>\n",
       "      <th>1</th>\n",
       "      <td>ws10hd32</td>\n",
       "      <td>-0.012411</td>\n",
       "      <td>-0.005077</td>\n",
       "      <td>-0.006154</td>\n",
       "      <td>0.507485</td>\n",
       "    </tr>\n",
       "    <tr>\n",
       "      <th>2</th>\n",
       "      <td>ws10hd64</td>\n",
       "      <td>0.001379</td>\n",
       "      <td>-0.019951</td>\n",
       "      <td>-0.011151</td>\n",
       "      <td>0.495524</td>\n",
       "    </tr>\n",
       "    <tr>\n",
       "      <th>3</th>\n",
       "      <td>ws12hd128</td>\n",
       "      <td>0.014493</td>\n",
       "      <td>0.005806</td>\n",
       "      <td>-0.001672</td>\n",
       "      <td>0.501194</td>\n",
       "    </tr>\n",
       "    <tr>\n",
       "      <th>4</th>\n",
       "      <td>ws12hd16</td>\n",
       "      <td>0.001107</td>\n",
       "      <td>-0.055426</td>\n",
       "      <td>-0.017597</td>\n",
       "      <td>0.494390</td>\n",
       "    </tr>\n",
       "    <tr>\n",
       "      <th>5</th>\n",
       "      <td>ws12hd32</td>\n",
       "      <td>0.007970</td>\n",
       "      <td>-0.025252</td>\n",
       "      <td>-0.010717</td>\n",
       "      <td>0.510477</td>\n",
       "    </tr>\n",
       "    <tr>\n",
       "      <th>6</th>\n",
       "      <td>ws12hd64</td>\n",
       "      <td>0.015980</td>\n",
       "      <td>0.019098</td>\n",
       "      <td>0.004763</td>\n",
       "      <td>0.513500</td>\n",
       "    </tr>\n",
       "    <tr>\n",
       "      <th>7</th>\n",
       "      <td>ws16hd16</td>\n",
       "      <td>-0.023706</td>\n",
       "      <td>-0.023855</td>\n",
       "      <td>-0.007391</td>\n",
       "      <td>0.488752</td>\n",
       "    </tr>\n",
       "    <tr>\n",
       "      <th>8</th>\n",
       "      <td>ws16hd32</td>\n",
       "      <td>0.009075</td>\n",
       "      <td>0.025898</td>\n",
       "      <td>0.004281</td>\n",
       "      <td>0.506479</td>\n",
       "    </tr>\n",
       "    <tr>\n",
       "      <th>9</th>\n",
       "      <td>ws16hd64</td>\n",
       "      <td>-0.019230</td>\n",
       "      <td>0.000397</td>\n",
       "      <td>-0.003041</td>\n",
       "      <td>0.494818</td>\n",
       "    </tr>\n",
       "    <tr>\n",
       "      <th>10</th>\n",
       "      <td>ws8hd128</td>\n",
       "      <td>-0.000130</td>\n",
       "      <td>0.009722</td>\n",
       "      <td>0.004328</td>\n",
       "      <td>0.508380</td>\n",
       "    </tr>\n",
       "    <tr>\n",
       "      <th>11</th>\n",
       "      <td>ws8hd16</td>\n",
       "      <td>-0.039782</td>\n",
       "      <td>-0.036629</td>\n",
       "      <td>-0.015235</td>\n",
       "      <td>0.486392</td>\n",
       "    </tr>\n",
       "    <tr>\n",
       "      <th>12</th>\n",
       "      <td>ws8hd32</td>\n",
       "      <td>-0.004242</td>\n",
       "      <td>0.015364</td>\n",
       "      <td>0.001474</td>\n",
       "      <td>0.504118</td>\n",
       "    </tr>\n",
       "    <tr>\n",
       "      <th>13</th>\n",
       "      <td>ws8hd64</td>\n",
       "      <td>-0.012663</td>\n",
       "      <td>0.012505</td>\n",
       "      <td>-0.000322</td>\n",
       "      <td>0.512962</td>\n",
       "    </tr>\n",
       "  </tbody>\n",
       "</table>\n",
       "</div>"
      ],
      "text/plain": [
       "          Tag        IC        IR        CR    Prec@K\n",
       "0    ws10hd16 -0.006513  0.012935  0.000938  0.504670\n",
       "1    ws10hd32 -0.012411 -0.005077 -0.006154  0.507485\n",
       "2    ws10hd64  0.001379 -0.019951 -0.011151  0.495524\n",
       "3   ws12hd128  0.014493  0.005806 -0.001672  0.501194\n",
       "4    ws12hd16  0.001107 -0.055426 -0.017597  0.494390\n",
       "5    ws12hd32  0.007970 -0.025252 -0.010717  0.510477\n",
       "6    ws12hd64  0.015980  0.019098  0.004763  0.513500\n",
       "7    ws16hd16 -0.023706 -0.023855 -0.007391  0.488752\n",
       "8    ws16hd32  0.009075  0.025898  0.004281  0.506479\n",
       "9    ws16hd64 -0.019230  0.000397 -0.003041  0.494818\n",
       "10   ws8hd128 -0.000130  0.009722  0.004328  0.508380\n",
       "11    ws8hd16 -0.039782 -0.036629 -0.015235  0.486392\n",
       "12    ws8hd32 -0.004242  0.015364  0.001474  0.504118\n",
       "13    ws8hd64 -0.012663  0.012505 -0.000322  0.512962"
      ]
     },
     "execution_count": 13,
     "metadata": {},
     "output_type": "execute_result"
    }
   ],
   "source": [
    "agg_metrics = test_df.groupby(\"Tag\")[[\"IC\", \"IR\", \"CR\", \"Prec@K\"]].mean().reset_index()\n",
    "agg_metrics.head(15)"
   ]
  },
  {
   "cell_type": "code",
   "execution_count": 14,
   "id": "af72e96a",
   "metadata": {},
   "outputs": [
    {
     "name": "stdout",
     "output_type": "stream",
     "text": [
      "\n",
      "🔹 Top Models by IC\n"
     ]
    },
    {
     "data": {
      "text/html": [
       "<div>\n",
       "<style scoped>\n",
       "    .dataframe tbody tr th:only-of-type {\n",
       "        vertical-align: middle;\n",
       "    }\n",
       "\n",
       "    .dataframe tbody tr th {\n",
       "        vertical-align: top;\n",
       "    }\n",
       "\n",
       "    .dataframe thead th {\n",
       "        text-align: right;\n",
       "    }\n",
       "</style>\n",
       "<table border=\"1\" class=\"dataframe\">\n",
       "  <thead>\n",
       "    <tr style=\"text-align: right;\">\n",
       "      <th></th>\n",
       "      <th>Tag</th>\n",
       "      <th>IC</th>\n",
       "      <th>IR</th>\n",
       "      <th>CR</th>\n",
       "      <th>Prec@K</th>\n",
       "    </tr>\n",
       "  </thead>\n",
       "  <tbody>\n",
       "    <tr>\n",
       "      <th>0</th>\n",
       "      <td>ws12hd64</td>\n",
       "      <td>0.015980</td>\n",
       "      <td>0.019098</td>\n",
       "      <td>0.004763</td>\n",
       "      <td>0.513500</td>\n",
       "    </tr>\n",
       "    <tr>\n",
       "      <th>1</th>\n",
       "      <td>ws12hd128</td>\n",
       "      <td>0.014493</td>\n",
       "      <td>0.005806</td>\n",
       "      <td>-0.001672</td>\n",
       "      <td>0.501194</td>\n",
       "    </tr>\n",
       "    <tr>\n",
       "      <th>2</th>\n",
       "      <td>ws16hd32</td>\n",
       "      <td>0.009075</td>\n",
       "      <td>0.025898</td>\n",
       "      <td>0.004281</td>\n",
       "      <td>0.506479</td>\n",
       "    </tr>\n",
       "    <tr>\n",
       "      <th>3</th>\n",
       "      <td>ws12hd32</td>\n",
       "      <td>0.007970</td>\n",
       "      <td>-0.025252</td>\n",
       "      <td>-0.010717</td>\n",
       "      <td>0.510477</td>\n",
       "    </tr>\n",
       "    <tr>\n",
       "      <th>4</th>\n",
       "      <td>ws10hd64</td>\n",
       "      <td>0.001379</td>\n",
       "      <td>-0.019951</td>\n",
       "      <td>-0.011151</td>\n",
       "      <td>0.495524</td>\n",
       "    </tr>\n",
       "    <tr>\n",
       "      <th>5</th>\n",
       "      <td>ws12hd16</td>\n",
       "      <td>0.001107</td>\n",
       "      <td>-0.055426</td>\n",
       "      <td>-0.017597</td>\n",
       "      <td>0.494390</td>\n",
       "    </tr>\n",
       "    <tr>\n",
       "      <th>6</th>\n",
       "      <td>ws8hd128</td>\n",
       "      <td>-0.000130</td>\n",
       "      <td>0.009722</td>\n",
       "      <td>0.004328</td>\n",
       "      <td>0.508380</td>\n",
       "    </tr>\n",
       "    <tr>\n",
       "      <th>7</th>\n",
       "      <td>ws8hd32</td>\n",
       "      <td>-0.004242</td>\n",
       "      <td>0.015364</td>\n",
       "      <td>0.001474</td>\n",
       "      <td>0.504118</td>\n",
       "    </tr>\n",
       "    <tr>\n",
       "      <th>8</th>\n",
       "      <td>ws10hd16</td>\n",
       "      <td>-0.006513</td>\n",
       "      <td>0.012935</td>\n",
       "      <td>0.000938</td>\n",
       "      <td>0.504670</td>\n",
       "    </tr>\n",
       "    <tr>\n",
       "      <th>9</th>\n",
       "      <td>ws10hd32</td>\n",
       "      <td>-0.012411</td>\n",
       "      <td>-0.005077</td>\n",
       "      <td>-0.006154</td>\n",
       "      <td>0.507485</td>\n",
       "    </tr>\n",
       "    <tr>\n",
       "      <th>10</th>\n",
       "      <td>ws8hd64</td>\n",
       "      <td>-0.012663</td>\n",
       "      <td>0.012505</td>\n",
       "      <td>-0.000322</td>\n",
       "      <td>0.512962</td>\n",
       "    </tr>\n",
       "    <tr>\n",
       "      <th>11</th>\n",
       "      <td>ws16hd64</td>\n",
       "      <td>-0.019230</td>\n",
       "      <td>0.000397</td>\n",
       "      <td>-0.003041</td>\n",
       "      <td>0.494818</td>\n",
       "    </tr>\n",
       "    <tr>\n",
       "      <th>12</th>\n",
       "      <td>ws16hd16</td>\n",
       "      <td>-0.023706</td>\n",
       "      <td>-0.023855</td>\n",
       "      <td>-0.007391</td>\n",
       "      <td>0.488752</td>\n",
       "    </tr>\n",
       "    <tr>\n",
       "      <th>13</th>\n",
       "      <td>ws8hd16</td>\n",
       "      <td>-0.039782</td>\n",
       "      <td>-0.036629</td>\n",
       "      <td>-0.015235</td>\n",
       "      <td>0.486392</td>\n",
       "    </tr>\n",
       "  </tbody>\n",
       "</table>\n",
       "</div>"
      ],
      "text/plain": [
       "          Tag        IC        IR        CR    Prec@K\n",
       "0    ws12hd64  0.015980  0.019098  0.004763  0.513500\n",
       "1   ws12hd128  0.014493  0.005806 -0.001672  0.501194\n",
       "2    ws16hd32  0.009075  0.025898  0.004281  0.506479\n",
       "3    ws12hd32  0.007970 -0.025252 -0.010717  0.510477\n",
       "4    ws10hd64  0.001379 -0.019951 -0.011151  0.495524\n",
       "5    ws12hd16  0.001107 -0.055426 -0.017597  0.494390\n",
       "6    ws8hd128 -0.000130  0.009722  0.004328  0.508380\n",
       "7     ws8hd32 -0.004242  0.015364  0.001474  0.504118\n",
       "8    ws10hd16 -0.006513  0.012935  0.000938  0.504670\n",
       "9    ws10hd32 -0.012411 -0.005077 -0.006154  0.507485\n",
       "10    ws8hd64 -0.012663  0.012505 -0.000322  0.512962\n",
       "11   ws16hd64 -0.019230  0.000397 -0.003041  0.494818\n",
       "12   ws16hd16 -0.023706 -0.023855 -0.007391  0.488752\n",
       "13    ws8hd16 -0.039782 -0.036629 -0.015235  0.486392"
      ]
     },
     "metadata": {},
     "output_type": "display_data"
    },
    {
     "name": "stdout",
     "output_type": "stream",
     "text": [
      "\n",
      "🔹 Top Models by IR\n"
     ]
    },
    {
     "data": {
      "text/html": [
       "<div>\n",
       "<style scoped>\n",
       "    .dataframe tbody tr th:only-of-type {\n",
       "        vertical-align: middle;\n",
       "    }\n",
       "\n",
       "    .dataframe tbody tr th {\n",
       "        vertical-align: top;\n",
       "    }\n",
       "\n",
       "    .dataframe thead th {\n",
       "        text-align: right;\n",
       "    }\n",
       "</style>\n",
       "<table border=\"1\" class=\"dataframe\">\n",
       "  <thead>\n",
       "    <tr style=\"text-align: right;\">\n",
       "      <th></th>\n",
       "      <th>Tag</th>\n",
       "      <th>IC</th>\n",
       "      <th>IR</th>\n",
       "      <th>CR</th>\n",
       "      <th>Prec@K</th>\n",
       "    </tr>\n",
       "  </thead>\n",
       "  <tbody>\n",
       "    <tr>\n",
       "      <th>0</th>\n",
       "      <td>ws16hd32</td>\n",
       "      <td>0.009075</td>\n",
       "      <td>0.025898</td>\n",
       "      <td>0.004281</td>\n",
       "      <td>0.506479</td>\n",
       "    </tr>\n",
       "    <tr>\n",
       "      <th>1</th>\n",
       "      <td>ws12hd64</td>\n",
       "      <td>0.015980</td>\n",
       "      <td>0.019098</td>\n",
       "      <td>0.004763</td>\n",
       "      <td>0.513500</td>\n",
       "    </tr>\n",
       "    <tr>\n",
       "      <th>2</th>\n",
       "      <td>ws8hd32</td>\n",
       "      <td>-0.004242</td>\n",
       "      <td>0.015364</td>\n",
       "      <td>0.001474</td>\n",
       "      <td>0.504118</td>\n",
       "    </tr>\n",
       "    <tr>\n",
       "      <th>3</th>\n",
       "      <td>ws10hd16</td>\n",
       "      <td>-0.006513</td>\n",
       "      <td>0.012935</td>\n",
       "      <td>0.000938</td>\n",
       "      <td>0.504670</td>\n",
       "    </tr>\n",
       "    <tr>\n",
       "      <th>4</th>\n",
       "      <td>ws8hd64</td>\n",
       "      <td>-0.012663</td>\n",
       "      <td>0.012505</td>\n",
       "      <td>-0.000322</td>\n",
       "      <td>0.512962</td>\n",
       "    </tr>\n",
       "    <tr>\n",
       "      <th>5</th>\n",
       "      <td>ws8hd128</td>\n",
       "      <td>-0.000130</td>\n",
       "      <td>0.009722</td>\n",
       "      <td>0.004328</td>\n",
       "      <td>0.508380</td>\n",
       "    </tr>\n",
       "    <tr>\n",
       "      <th>6</th>\n",
       "      <td>ws12hd128</td>\n",
       "      <td>0.014493</td>\n",
       "      <td>0.005806</td>\n",
       "      <td>-0.001672</td>\n",
       "      <td>0.501194</td>\n",
       "    </tr>\n",
       "    <tr>\n",
       "      <th>7</th>\n",
       "      <td>ws16hd64</td>\n",
       "      <td>-0.019230</td>\n",
       "      <td>0.000397</td>\n",
       "      <td>-0.003041</td>\n",
       "      <td>0.494818</td>\n",
       "    </tr>\n",
       "    <tr>\n",
       "      <th>8</th>\n",
       "      <td>ws10hd32</td>\n",
       "      <td>-0.012411</td>\n",
       "      <td>-0.005077</td>\n",
       "      <td>-0.006154</td>\n",
       "      <td>0.507485</td>\n",
       "    </tr>\n",
       "    <tr>\n",
       "      <th>9</th>\n",
       "      <td>ws10hd64</td>\n",
       "      <td>0.001379</td>\n",
       "      <td>-0.019951</td>\n",
       "      <td>-0.011151</td>\n",
       "      <td>0.495524</td>\n",
       "    </tr>\n",
       "    <tr>\n",
       "      <th>10</th>\n",
       "      <td>ws16hd16</td>\n",
       "      <td>-0.023706</td>\n",
       "      <td>-0.023855</td>\n",
       "      <td>-0.007391</td>\n",
       "      <td>0.488752</td>\n",
       "    </tr>\n",
       "    <tr>\n",
       "      <th>11</th>\n",
       "      <td>ws12hd32</td>\n",
       "      <td>0.007970</td>\n",
       "      <td>-0.025252</td>\n",
       "      <td>-0.010717</td>\n",
       "      <td>0.510477</td>\n",
       "    </tr>\n",
       "    <tr>\n",
       "      <th>12</th>\n",
       "      <td>ws8hd16</td>\n",
       "      <td>-0.039782</td>\n",
       "      <td>-0.036629</td>\n",
       "      <td>-0.015235</td>\n",
       "      <td>0.486392</td>\n",
       "    </tr>\n",
       "    <tr>\n",
       "      <th>13</th>\n",
       "      <td>ws12hd16</td>\n",
       "      <td>0.001107</td>\n",
       "      <td>-0.055426</td>\n",
       "      <td>-0.017597</td>\n",
       "      <td>0.494390</td>\n",
       "    </tr>\n",
       "  </tbody>\n",
       "</table>\n",
       "</div>"
      ],
      "text/plain": [
       "          Tag        IC        IR        CR    Prec@K\n",
       "0    ws16hd32  0.009075  0.025898  0.004281  0.506479\n",
       "1    ws12hd64  0.015980  0.019098  0.004763  0.513500\n",
       "2     ws8hd32 -0.004242  0.015364  0.001474  0.504118\n",
       "3    ws10hd16 -0.006513  0.012935  0.000938  0.504670\n",
       "4     ws8hd64 -0.012663  0.012505 -0.000322  0.512962\n",
       "5    ws8hd128 -0.000130  0.009722  0.004328  0.508380\n",
       "6   ws12hd128  0.014493  0.005806 -0.001672  0.501194\n",
       "7    ws16hd64 -0.019230  0.000397 -0.003041  0.494818\n",
       "8    ws10hd32 -0.012411 -0.005077 -0.006154  0.507485\n",
       "9    ws10hd64  0.001379 -0.019951 -0.011151  0.495524\n",
       "10   ws16hd16 -0.023706 -0.023855 -0.007391  0.488752\n",
       "11   ws12hd32  0.007970 -0.025252 -0.010717  0.510477\n",
       "12    ws8hd16 -0.039782 -0.036629 -0.015235  0.486392\n",
       "13   ws12hd16  0.001107 -0.055426 -0.017597  0.494390"
      ]
     },
     "metadata": {},
     "output_type": "display_data"
    },
    {
     "name": "stdout",
     "output_type": "stream",
     "text": [
      "\n",
      "🔹 Top Models by CR\n"
     ]
    },
    {
     "data": {
      "text/html": [
       "<div>\n",
       "<style scoped>\n",
       "    .dataframe tbody tr th:only-of-type {\n",
       "        vertical-align: middle;\n",
       "    }\n",
       "\n",
       "    .dataframe tbody tr th {\n",
       "        vertical-align: top;\n",
       "    }\n",
       "\n",
       "    .dataframe thead th {\n",
       "        text-align: right;\n",
       "    }\n",
       "</style>\n",
       "<table border=\"1\" class=\"dataframe\">\n",
       "  <thead>\n",
       "    <tr style=\"text-align: right;\">\n",
       "      <th></th>\n",
       "      <th>Tag</th>\n",
       "      <th>IC</th>\n",
       "      <th>IR</th>\n",
       "      <th>CR</th>\n",
       "      <th>Prec@K</th>\n",
       "    </tr>\n",
       "  </thead>\n",
       "  <tbody>\n",
       "    <tr>\n",
       "      <th>0</th>\n",
       "      <td>ws12hd64</td>\n",
       "      <td>0.015980</td>\n",
       "      <td>0.019098</td>\n",
       "      <td>0.004763</td>\n",
       "      <td>0.513500</td>\n",
       "    </tr>\n",
       "    <tr>\n",
       "      <th>1</th>\n",
       "      <td>ws8hd128</td>\n",
       "      <td>-0.000130</td>\n",
       "      <td>0.009722</td>\n",
       "      <td>0.004328</td>\n",
       "      <td>0.508380</td>\n",
       "    </tr>\n",
       "    <tr>\n",
       "      <th>2</th>\n",
       "      <td>ws16hd32</td>\n",
       "      <td>0.009075</td>\n",
       "      <td>0.025898</td>\n",
       "      <td>0.004281</td>\n",
       "      <td>0.506479</td>\n",
       "    </tr>\n",
       "    <tr>\n",
       "      <th>3</th>\n",
       "      <td>ws8hd32</td>\n",
       "      <td>-0.004242</td>\n",
       "      <td>0.015364</td>\n",
       "      <td>0.001474</td>\n",
       "      <td>0.504118</td>\n",
       "    </tr>\n",
       "    <tr>\n",
       "      <th>4</th>\n",
       "      <td>ws10hd16</td>\n",
       "      <td>-0.006513</td>\n",
       "      <td>0.012935</td>\n",
       "      <td>0.000938</td>\n",
       "      <td>0.504670</td>\n",
       "    </tr>\n",
       "    <tr>\n",
       "      <th>5</th>\n",
       "      <td>ws8hd64</td>\n",
       "      <td>-0.012663</td>\n",
       "      <td>0.012505</td>\n",
       "      <td>-0.000322</td>\n",
       "      <td>0.512962</td>\n",
       "    </tr>\n",
       "    <tr>\n",
       "      <th>6</th>\n",
       "      <td>ws12hd128</td>\n",
       "      <td>0.014493</td>\n",
       "      <td>0.005806</td>\n",
       "      <td>-0.001672</td>\n",
       "      <td>0.501194</td>\n",
       "    </tr>\n",
       "    <tr>\n",
       "      <th>7</th>\n",
       "      <td>ws16hd64</td>\n",
       "      <td>-0.019230</td>\n",
       "      <td>0.000397</td>\n",
       "      <td>-0.003041</td>\n",
       "      <td>0.494818</td>\n",
       "    </tr>\n",
       "    <tr>\n",
       "      <th>8</th>\n",
       "      <td>ws10hd32</td>\n",
       "      <td>-0.012411</td>\n",
       "      <td>-0.005077</td>\n",
       "      <td>-0.006154</td>\n",
       "      <td>0.507485</td>\n",
       "    </tr>\n",
       "    <tr>\n",
       "      <th>9</th>\n",
       "      <td>ws16hd16</td>\n",
       "      <td>-0.023706</td>\n",
       "      <td>-0.023855</td>\n",
       "      <td>-0.007391</td>\n",
       "      <td>0.488752</td>\n",
       "    </tr>\n",
       "    <tr>\n",
       "      <th>10</th>\n",
       "      <td>ws12hd32</td>\n",
       "      <td>0.007970</td>\n",
       "      <td>-0.025252</td>\n",
       "      <td>-0.010717</td>\n",
       "      <td>0.510477</td>\n",
       "    </tr>\n",
       "    <tr>\n",
       "      <th>11</th>\n",
       "      <td>ws10hd64</td>\n",
       "      <td>0.001379</td>\n",
       "      <td>-0.019951</td>\n",
       "      <td>-0.011151</td>\n",
       "      <td>0.495524</td>\n",
       "    </tr>\n",
       "    <tr>\n",
       "      <th>12</th>\n",
       "      <td>ws8hd16</td>\n",
       "      <td>-0.039782</td>\n",
       "      <td>-0.036629</td>\n",
       "      <td>-0.015235</td>\n",
       "      <td>0.486392</td>\n",
       "    </tr>\n",
       "    <tr>\n",
       "      <th>13</th>\n",
       "      <td>ws12hd16</td>\n",
       "      <td>0.001107</td>\n",
       "      <td>-0.055426</td>\n",
       "      <td>-0.017597</td>\n",
       "      <td>0.494390</td>\n",
       "    </tr>\n",
       "  </tbody>\n",
       "</table>\n",
       "</div>"
      ],
      "text/plain": [
       "          Tag        IC        IR        CR    Prec@K\n",
       "0    ws12hd64  0.015980  0.019098  0.004763  0.513500\n",
       "1    ws8hd128 -0.000130  0.009722  0.004328  0.508380\n",
       "2    ws16hd32  0.009075  0.025898  0.004281  0.506479\n",
       "3     ws8hd32 -0.004242  0.015364  0.001474  0.504118\n",
       "4    ws10hd16 -0.006513  0.012935  0.000938  0.504670\n",
       "5     ws8hd64 -0.012663  0.012505 -0.000322  0.512962\n",
       "6   ws12hd128  0.014493  0.005806 -0.001672  0.501194\n",
       "7    ws16hd64 -0.019230  0.000397 -0.003041  0.494818\n",
       "8    ws10hd32 -0.012411 -0.005077 -0.006154  0.507485\n",
       "9    ws16hd16 -0.023706 -0.023855 -0.007391  0.488752\n",
       "10   ws12hd32  0.007970 -0.025252 -0.010717  0.510477\n",
       "11   ws10hd64  0.001379 -0.019951 -0.011151  0.495524\n",
       "12    ws8hd16 -0.039782 -0.036629 -0.015235  0.486392\n",
       "13   ws12hd16  0.001107 -0.055426 -0.017597  0.494390"
      ]
     },
     "metadata": {},
     "output_type": "display_data"
    },
    {
     "name": "stdout",
     "output_type": "stream",
     "text": [
      "\n",
      "🔹 Top Models by Prec@K\n"
     ]
    },
    {
     "data": {
      "text/html": [
       "<div>\n",
       "<style scoped>\n",
       "    .dataframe tbody tr th:only-of-type {\n",
       "        vertical-align: middle;\n",
       "    }\n",
       "\n",
       "    .dataframe tbody tr th {\n",
       "        vertical-align: top;\n",
       "    }\n",
       "\n",
       "    .dataframe thead th {\n",
       "        text-align: right;\n",
       "    }\n",
       "</style>\n",
       "<table border=\"1\" class=\"dataframe\">\n",
       "  <thead>\n",
       "    <tr style=\"text-align: right;\">\n",
       "      <th></th>\n",
       "      <th>Tag</th>\n",
       "      <th>IC</th>\n",
       "      <th>IR</th>\n",
       "      <th>CR</th>\n",
       "      <th>Prec@K</th>\n",
       "    </tr>\n",
       "  </thead>\n",
       "  <tbody>\n",
       "    <tr>\n",
       "      <th>0</th>\n",
       "      <td>ws12hd64</td>\n",
       "      <td>0.015980</td>\n",
       "      <td>0.019098</td>\n",
       "      <td>0.004763</td>\n",
       "      <td>0.513500</td>\n",
       "    </tr>\n",
       "    <tr>\n",
       "      <th>1</th>\n",
       "      <td>ws8hd64</td>\n",
       "      <td>-0.012663</td>\n",
       "      <td>0.012505</td>\n",
       "      <td>-0.000322</td>\n",
       "      <td>0.512962</td>\n",
       "    </tr>\n",
       "    <tr>\n",
       "      <th>2</th>\n",
       "      <td>ws12hd32</td>\n",
       "      <td>0.007970</td>\n",
       "      <td>-0.025252</td>\n",
       "      <td>-0.010717</td>\n",
       "      <td>0.510477</td>\n",
       "    </tr>\n",
       "    <tr>\n",
       "      <th>3</th>\n",
       "      <td>ws8hd128</td>\n",
       "      <td>-0.000130</td>\n",
       "      <td>0.009722</td>\n",
       "      <td>0.004328</td>\n",
       "      <td>0.508380</td>\n",
       "    </tr>\n",
       "    <tr>\n",
       "      <th>4</th>\n",
       "      <td>ws10hd32</td>\n",
       "      <td>-0.012411</td>\n",
       "      <td>-0.005077</td>\n",
       "      <td>-0.006154</td>\n",
       "      <td>0.507485</td>\n",
       "    </tr>\n",
       "    <tr>\n",
       "      <th>5</th>\n",
       "      <td>ws16hd32</td>\n",
       "      <td>0.009075</td>\n",
       "      <td>0.025898</td>\n",
       "      <td>0.004281</td>\n",
       "      <td>0.506479</td>\n",
       "    </tr>\n",
       "    <tr>\n",
       "      <th>6</th>\n",
       "      <td>ws10hd16</td>\n",
       "      <td>-0.006513</td>\n",
       "      <td>0.012935</td>\n",
       "      <td>0.000938</td>\n",
       "      <td>0.504670</td>\n",
       "    </tr>\n",
       "    <tr>\n",
       "      <th>7</th>\n",
       "      <td>ws8hd32</td>\n",
       "      <td>-0.004242</td>\n",
       "      <td>0.015364</td>\n",
       "      <td>0.001474</td>\n",
       "      <td>0.504118</td>\n",
       "    </tr>\n",
       "    <tr>\n",
       "      <th>8</th>\n",
       "      <td>ws12hd128</td>\n",
       "      <td>0.014493</td>\n",
       "      <td>0.005806</td>\n",
       "      <td>-0.001672</td>\n",
       "      <td>0.501194</td>\n",
       "    </tr>\n",
       "    <tr>\n",
       "      <th>9</th>\n",
       "      <td>ws10hd64</td>\n",
       "      <td>0.001379</td>\n",
       "      <td>-0.019951</td>\n",
       "      <td>-0.011151</td>\n",
       "      <td>0.495524</td>\n",
       "    </tr>\n",
       "    <tr>\n",
       "      <th>10</th>\n",
       "      <td>ws16hd64</td>\n",
       "      <td>-0.019230</td>\n",
       "      <td>0.000397</td>\n",
       "      <td>-0.003041</td>\n",
       "      <td>0.494818</td>\n",
       "    </tr>\n",
       "    <tr>\n",
       "      <th>11</th>\n",
       "      <td>ws12hd16</td>\n",
       "      <td>0.001107</td>\n",
       "      <td>-0.055426</td>\n",
       "      <td>-0.017597</td>\n",
       "      <td>0.494390</td>\n",
       "    </tr>\n",
       "    <tr>\n",
       "      <th>12</th>\n",
       "      <td>ws16hd16</td>\n",
       "      <td>-0.023706</td>\n",
       "      <td>-0.023855</td>\n",
       "      <td>-0.007391</td>\n",
       "      <td>0.488752</td>\n",
       "    </tr>\n",
       "    <tr>\n",
       "      <th>13</th>\n",
       "      <td>ws8hd16</td>\n",
       "      <td>-0.039782</td>\n",
       "      <td>-0.036629</td>\n",
       "      <td>-0.015235</td>\n",
       "      <td>0.486392</td>\n",
       "    </tr>\n",
       "  </tbody>\n",
       "</table>\n",
       "</div>"
      ],
      "text/plain": [
       "          Tag        IC        IR        CR    Prec@K\n",
       "0    ws12hd64  0.015980  0.019098  0.004763  0.513500\n",
       "1     ws8hd64 -0.012663  0.012505 -0.000322  0.512962\n",
       "2    ws12hd32  0.007970 -0.025252 -0.010717  0.510477\n",
       "3    ws8hd128 -0.000130  0.009722  0.004328  0.508380\n",
       "4    ws10hd32 -0.012411 -0.005077 -0.006154  0.507485\n",
       "5    ws16hd32  0.009075  0.025898  0.004281  0.506479\n",
       "6    ws10hd16 -0.006513  0.012935  0.000938  0.504670\n",
       "7     ws8hd32 -0.004242  0.015364  0.001474  0.504118\n",
       "8   ws12hd128  0.014493  0.005806 -0.001672  0.501194\n",
       "9    ws10hd64  0.001379 -0.019951 -0.011151  0.495524\n",
       "10   ws16hd64 -0.019230  0.000397 -0.003041  0.494818\n",
       "11   ws12hd16  0.001107 -0.055426 -0.017597  0.494390\n",
       "12   ws16hd16 -0.023706 -0.023855 -0.007391  0.488752\n",
       "13    ws8hd16 -0.039782 -0.036629 -0.015235  0.486392"
      ]
     },
     "metadata": {},
     "output_type": "display_data"
    }
   ],
   "source": [
    "metrics_to_sort = [\"IC\", \"IR\", \"CR\", \"Prec@K\"]\n",
    "\n",
    "sorted_results = {}\n",
    "\n",
    "for metric in metrics_to_sort:\n",
    "    sorted_df = agg_metrics.sort_values(by=metric, ascending=False).reset_index(drop=True)\n",
    "    sorted_results[metric] = sorted_df\n",
    "    print(f\"\\n🔹 Top Models by {metric}\")\n",
    "    display(sorted_df)"
   ]
  },
  {
   "cell_type": "code",
   "execution_count": null,
   "id": "0da7ee0b",
   "metadata": {},
   "outputs": [],
   "source": []
  }
 ],
 "metadata": {
  "kernelspec": {
   "display_name": ".venv",
   "language": "python",
   "name": "python3"
  },
  "language_info": {
   "codemirror_mode": {
    "name": "ipython",
    "version": 3
   },
   "file_extension": ".py",
   "mimetype": "text/x-python",
   "name": "python",
   "nbconvert_exporter": "python",
   "pygments_lexer": "ipython3",
   "version": "3.13.3"
  }
 },
 "nbformat": 4,
 "nbformat_minor": 5
}
